#TSV
#============Begin of sheet============
@Sheet=ItemBox
盒子ID	名字	说明	规则说明	刷新时间	怪物选择是否开启	投入素材类别	最低消耗素材量	最高消耗素材量	每次消耗素材上升量	研究货币类型	研究货币数量	每日抽奖次数	是否可以手动刷新	每日刷新次数	刷新货币类型	刷新货币数量	VIP免费刷新次数（数组）	刷新物品等级数量（数组）	怪物素材稀有度（数组）	素材命中几率
1	怪物奇谈	嗯……别问啦！在研究什么是绝对不能告诉你们的！毕竟这样的研究内容是会被挑战的啦拿好报酬 继续去狩猎吧！	"【机密研究院之怪物奇谈 规则说明】\n1、在《怪物奇谈》中，猎人可投入指定点数的怪物素材和银币随机获得热门道具奖励；\n2、每天至多可以研究10次，每次研究投入的素材点数不同，货币数量不变。\n3、奖池每日可手动刷新5次，每次消耗200点券，VIP玩家额外享受免费的手动刷新次数，次数随等级变化。\n4、奖励面板每日20点自动刷新一次。抽奖次数、刷新次数、免费刷新次数每日凌晨3点重置。"	20	0	5	100	600	100	0	2000	20	1	5	2	200	0,1,1,1,1,1,2	0,1,1,2,2,2	0	0
2	奇异食谱	不经意的发现！原来食材与食材之间巧妙的搭配，会产生神奇的化学反应。这种能量甚至要比猫饭还要强大！梅城居民们对研究结果十分期待！但是研究所需的大量材料令学士无比头痛。猎人啊，立刻动身，搜集素材吧！	"【机密研究院之奇异食谱 规则说明】\n1、在《奇异食谱》中，猎人可投入指定点数的采集素材和金币随机获得道具奖励；\n2、每天至多可以研究10次，每次研究投入的素材点数不同，货币数量不变。\n3、奖池每日可手动刷新5次，每次消耗200点券，VIP玩家额外享受免费的手动刷新次数，次数随等级变化。\n4、奖励面板每日20点自动刷新一次；抽奖次数、刷新次数、免费刷新次数每日凌晨3点重置。"	20	0	7	100	600	100	1	500	20	1	5	2	200	0,1,1,1,1,1,2	0,1,2,2,2,1	0	0
3	奇珍异宝	本院内最诡秘的研究项目！每日来此处缴纳素材的猎人络绎不绝看着猎人们眼里闪烁着激动紧张的光芒你就会明白所有的辛苦付出，这里，都会给你最好的回报。	"【机密研究院之奇珍异宝 规则说明】\n1、在《奇异食谱》中，猎人可在选择目标怪物后，投入指定点数的怪物素材和点券随机获得目标怪物的珍稀素材或热门道具。\n2、每天至多可以研究20次，每次研究消耗的素材点数不同，货币数量不变。\n3、奖励面板除珍稀怪物素材外的道具，每日20点自动刷新。抽奖次数每日凌晨3点重置。"	20	1	5	100	500	100	2	500	20	0	0	0	0	0	0,3,0,2,1,2	7,10,13	28
#============End of sheet============

#============Begin of sheet============
@Sheet=ItemLottery
盒子ID	物品等级	权重	抽奖概率计算
1	1	30	0.01171875
1	2	120	0.046875
1	3	400	0.15625
1	4	300	0.1171875
1	5	20	0.0078125
2	1	30	0.01171875
2	2	120	0.046875
2	3	400	0.15625
2	4	300	0.1171875
2	5	20	0.0078125
3	1	50	0.01953125
3	2	220	0.0859375
3	3	300	0.1171875
3	4	200	0.078125
3	5	50	0.01953125
#============End of sheet============

#============Begin of sheet============
@Sheet=ItemPool
盒子ID	物品等级	数量	物品总表ID
1	1	20	21474
1	1	30	21474
1	1	1	40376
1	1	1	40062
1	1	5	40325
1	1	2	40178
1	1	1	40152
1	1	5	21451
1	1	5	10508
1	1	5	40142
1	2	40	21474
1	2	50	21474
1	2	2	40542
1	2	1	10805
1	2	1	10797
1	2	1	11876
1	2	1	3882
1	2	1	3881
1	2	1	3858
1	2	1	3853
1	2	1	10794
1	2	1	3877
1	2	1	3862
1	2	1	10312
1	2	1	10804
1	2	1	10801
1	2	1	3878
1	2	1	11779
1	2	1	11878
1	2	1	3864
1	2	1	11542
1	2	1	10800
1	2	1	3861
1	2	1	3884
1	2	1	10867
1	2	1	3876
1	2	1	3886
1	2	1	3879
1	2	5	40152
1	2	1	11342
1	2	1	40099
1	2	10	21451
1	2	1	3860
1	2	1	3883
1	2	1	10798
1	2	1	3885
1	2	1	10868
1	2	1	3857
1	2	2	40063
1	2	1	3872
1	2	1	10795
1	2	1	3871
1	2	1	3880
1	2	1	10799
1	2	1	11780
1	2	1	3866
1	2	1	3875
1	2	1	3865
1	2	1	10802
1	2	1	3859
1	2	1	10796
1	2	1	10803
1	2	10	10509
1	2	1	11877
1	2	10	40142
1	2	1	3863
1	3	5	9014
1	3	5	472
1	3	5	473
1	3	5	474
1	3	5	475
1	3	5	476
1	3	5	477
1	3	5	478
1	3	5	479
1	3	5	480
1	3	5	11604
1	3	5	11606
1	2	5	11474
1	3	2	403
1	3	5	40099
1	3	1	40300
1	3	2	3232
1	3	2	405
1	3	10	10510
1	3	1	9004
1	3	2	462
1	3	2	463
1	3	2	464
1	3	2	465
1	3	2	466
1	3	2	467
1	3	2	468
1	3	2	469
1	3	2	470
1	3	2	11603
1	3	2	11605
1	3	1	21423
1	3	1	4388
1	3	1	21424
1	3	1	21422
1	3	1	4387
1	3	1	21425
1	3	5	399
1	4	60	21474
1	4	70	21474
1	2	5	11475
1	3	10	11474
1	4	1	40241
1	4	1	1950
1	4	1	4391
1	4	5	405
1	4	1	4389
1	4	1	4390
1	5	80	21474
1	5	90	21474
1	5	100	21474
1	5	1	268
1	5	1	1431
1	5	1	23457
1	5	1	23584
1	5	1	40555
1	3	5	11476
1	5	3	40241
1	5	1	10881
1	5	1	3030
1	5	1	10313
1	5	1	1572
1	5	1	40397
1	5	1	1429
1	5	1	23458
1	5	1	23585
1	5	1	21458
1	5	1	40100
1	5	1	24980
1	5	2	24980
1	5	1	1562
1	5	1	10774
1	5	3	10774
1	5	1	11209
1	5	5	11209
1	5	1	10311
1	5	1	10865
1	5	1	21426
1	5	5	21426
1	5	2	1433
1	5	2	23456
1	5	2	23583
1	5	1	40018
1	5	2	40018
1	5	1	40239
1	5	1	40322
1	5	1	40240
1	5	1	20006
1	5	2	20006
1	5	1	40394
2	1	1	2535
2	1	1	2545
2	1	10	28
2	1	1	376
2	1	5	276
2	1	5	6102
2	1	5	6101
2	1	10	31
2	1	10	13
2	1	10	25
2	1	1	375
2	1	10	6
2	1	10	12
2	1	10	27
2	1	10	26
2	1	10	7
2	1	5	40142
2	2	1	25112
2	2	1	1920
2	2	1	2536
2	2	1	2537
2	2	1	2538
2	2	1	2546
2	2	1	2547
2	2	1	2548
2	2	5	250
2	2	5	248
2	2	1	25010
2	2	1	25009
2	2	1	45
2	2	1	1858
2	2	1	1862
2	2	10	1857
2	2	5	279
2	2	10	1853
2	2	5	273
2	2	1	25008
2	2	1	1949
2	2	1	1940
2	2	1	289
2	2	10	442
2	2	1	40315
2	2	5	249
2	2	1	11
2	2	1	48
2	2	1	274
2	2	1	539
2	2	1	512
2	2	1	511
2	2	1	444
2	2	1	510
2	2	1	445
2	2	1	40145
2	2	1	278
2	2	1	3250
2	2	1	275
2	2	1	1865
2	2	1	418
2	2	1	277
2	2	1	1861
2	3	5	25100
2	3	1	1922
2	3	1	2539
2	3	1	2549
2	3	1	3038
2	3	1	290
2	3	1	3031
2	3	1	3037
2	3	1	11875
2	3	2	404
2	3	1	3032
2	3	1	1941
2	3	1	11299
2	4	1	3723
2	4	1	3728
2	3	20	442
2	3	10	40315
2	3	1	807020
2	3	1	3036
2	4	3	25120
2	4	1	1923
2	4	1	3089
2	4	1	4069
2	4	5	290
2	4	1	3033
2	4	1	3668
2	4	1	3620
2	4	1	3600
2	4	1	3576
2	4	1	3758
2	4	1	3759
2	4	1	3798
2	4	1	3644
2	4	1	3645
2	4	1	3683
2	4	1	3588
2	4	1	3698
2	4	1	3699
2	4	1	3724
2	4	1	3664
2	4	1	3729
2	4	1	3596
2	4	1	3713
2	4	1	3714
2	4	30	442
2	4	1	807010
2	4	1	3990
2	4	2	443
2	4	1	3053
2	4	1	3053
2	5	1	1430
2	5	1	1426
2	5	1	40203
2	5	1	1571
2	5	1	40323
2	5	1	40397
2	5	1	807050
2	5	1	807030
2	5	1	807040
2	5	1	1428
2	5	1	1561
3	1	1	398
3	1	1	397
3	1	1	399
3	1	1	396
3	2	5	398
3	2	1	397
3	2	1	399
3	2	1	396
3	3	3	4833
3	3	1	268
3	3	5	268
3	3	5	40143
3	3	5	40043
3	3	2	40554
3	3	1	40241
3	3	1	10881
3	3	50	24958
3	3	5	4391
3	3	1	40515
3	3	3	1571
3	3	5	1571
3	3	1	1945
3	3	1	1946
3	3	1	1947
3	3	1	3669
3	3	1	3670
3	3	1	3621
3	3	1	3601
3	3	1	3577
3	3	1	3760
3	3	1	3799
3	3	1	3684
3	3	1	3685
3	3	1	3589
3	3	1	3700
3	3	1	3703
3	3	1	3704
3	3	1	3705
3	3	1	3673
3	3	1	3674
3	3	1	3675
3	3	1	3612
3	3	1	3613
3	3	1	3580
3	3	1	3581
3	3	1	3693
3	3	1	3694
3	3	1	3695
3	3	1	3725
3	3	1	3665
3	3	1	3730
3	3	1	3597
3	3	1	3604
3	3	1	3605
3	3	1	3718
3	3	1	3719
3	3	1	3720
3	3	1	3632
3	3	1	3633
3	3	1	3793
3	3	1	3794
3	3	1	3795
3	3	1	3775
3	3	1	3715
3	3	3	40100
3	3	1	10774
3	3	1	11209
3	3	5	405
3	3	1	10865
3	3	1	40239
3	3	1	20006
3	3	5	40052
3	4	1	40083
3	4	5	40148
3	4	5	40144
3	4	5	40147
3	4	3	3154
3	4	10	23457
3	4	10	23584
3	4	1	40554
3	4	100	24958
3	4	10	4391
3	4	10	1571
3	4	1	1572
3	4	1	1943
3	4	1	1944
3	4	1	21458
3	4	2	24980
3	4	1	1562
3	4	1	40004
3	4	1	40322
3	5	10	23458
3	5	10	23585
3	5	5	21458
3	5	5	24980
3	5	3	10865
3	5	1	40518
3	5	20	40018
3	5	50	40018
3	5	100	40018
3	5	1	40240
3	5	2	40394
#============End of sheet============

#============Begin of sheet============
@Sheet=MaterialLottery
素材等级	权重	实际抽奖概率计算
7	25	0
10	20	0
13	10	0
#============End of sheet============

#============Begin of sheet============
@Sheet=MonsterClass
盒子ID	种属	名称
3	51	牙兽种
3	52	鸟龙种
3	53	甲壳种
3	54	鱼龙种
3	55	飞龙种
3	56	古龙种
3	57	甲虫种
3	58	牙龙种
3	59	兽龙种
3	60	？？？
#============End of sheet============

#============Begin of sheet============
@Sheet=MonsterType
盒子ID	素材类型	名称	种属
3	101	河狸兽	51
3	102	蓝速龙王	52
3	103	大野猪王	51
3	104	大怪鸟	52
3	105	黄速龙王	52
3	106	鬼狩蛛	53
3	107	沙狸兽	51
3	108	毒怪鸟	52
3	109	桃毛兽王	51
3	110	沙雷鸟	52
3	111	沙龙王	54
3	112	大名盾蟹	53
3	113	青怪鸟	52
3	114	电龙	55
3	115	岩龙	55
3	116	眠鸟	52
3	117	金毛兽王	51
3	118	骇狩蛛	53
3	119	紫毒鸟	52
3	120	将军镰蟹	53
3	121	雪狮子王	51
3	122	星龙	60
3	123	红速龙王	52
3	124	剑豪镰蟹	53
3	125	冰雷鸟	52
3	126	尾晶蝎	53
3	127	银眠鸟	52
3	128	黑狼鸟	52
3	129	晶岩龙	55
3	130	战鬼河狸兽	51
3	131	白速龙王	52
3	132	红电龙	55
3	133	一角龙	55
3	134	祸星龙	60
3	135	雌火龙	55
3	136	独耳黑狼鸟	52
3	137	断刃一角龙	55
3	138	烈焰雌火龙	55
3	139	吞渊龙	56
3	140	砦蟹	53
3	141	砦蟹独行种	53
3	142	剑极狼	51
3	143	电甲虫	57
3	144	雄火龙	55
3	145	轰龙	55
3	146	樱火龙	55
3	147	苍火龙	55
3	148	角龙	55
3	149	水龙	54
3	150	砂岩龙	55
3	151	铠龙	55
3	152	金眠鸟	52
3	153	灰晶蝎	53
3	154	钢龙	56
3	155	荒厄龙	56
3	156	炎狮子	51
3	157	白一角龙	55
3	158	熔岩龙	54
3	159	霞龙	56
3	160	金狮子	51
3	161	剑刹狼	51
3	162	燎渊龙	56
3	163	御五相	56
3	164	锈钢龙	56
3	165	葵盾蟹	53
3	166	浮岳龙	56
3	167	雷狼龙	58
3	168	武镰蟹	53
3	169	灭星龙	60
3	170	冰牙龙	55
3	171	恐暴龙	59
3	172	麒麟	56
3	173	老山龙	56
3	174	绯甲虫	57
3	175	吞龙	55
3	176	金火龙	55
3	177	迅龙	55
3	178	爆锤龙	59
3	179	舞雷龙	55
3	180	黑铠龙	55
3	181	炎轰龙	55
3	182	狞龙	59
3	183	银火龙	55
3	184	黑角龙	55
3	185	霸龙	55
3	187	蛮龙	55
3	188	劫龙	59
3	189	碎龙	59
3	190	冥雷龙	55
3	191	冰狐龙	55
3	192	炎王龙	56
3	193	炎妃龙	56
3	194	激昂金狮子	51
3	195	响狼	51
3	196	冰狞龙	59
3	197	狱狼龙	58
3	199	棘龙	55
#============End of sheet============

