#TSV
#============Begin of sheet============
@Sheet=传奇技能珠
总表ID	物品名称	说明	物品等级	稀有度	图标ID	离开副本是否保留	RANK	物品主类	物品中类	物品子类	绑定类型	拥有上限	携带上限	堆叠上限	农场精算点数	可否摧毁	购买价格	出售价格	是否商城道具	可否分解	物品过期时间	物品过期Tag	模型资源(男)	模型资源(女)	角色等级需求	种族需求	星级职业需求	星级等级需求	需求技能1ID	需求技能1等级MIN	需求技能1等级MAX	需求技能2ID	需求技能2等级MIN	需求技能2等级MAX	猎团等级需求	宠物等级需求	性别需求	需求地区ID	需求LevelMode	需求关卡ID	物品使用次数	CD时间	共享CD组	CD下线是否保留	使用目标	动作技能	物品使用功能1名称	物品使用功能1参数1	物品使用功能1参数2	物品使用功能1参数3	物品使用功能2名称	物品使用功能2参数1	物品使用功能2参数2	物品使用功能2参数3	物品使用功能3名称	物品使用功能3参数1	物品使用功能3参数2	物品使用功能3参数3	物品使用功能4名称	物品使用功能4参数1	物品使用功能4参数2	物品使用功能4参数3	对应技能1ID	点数1	对应技能2ID	点数2	对应技能3ID	点数3	对应技能4ID	点数4	可否被偷窃	共享携带上限组ID	物品伤害信息	排序参数	镶嵌需求孔数	镶嵌需求装备等级Min	镶嵌需求装备等级Max	商城索引ID	素材分类_1	素材价值_1	素材分类_2	素材价值_2	素材分类_3	素材价值_3	素材分类_4	素材价值_4	素材分类_5	素材价值_5	素材分类_6	素材价值_6	素材分类_7	素材价值_7	素材分类_8	素材价值_8	素材分类_9	素材价值_9	素材分类_10	素材价值_10	副本中使用次数	随机狩猎奖励点	解绑道具	解绑道具数量	初始等级	最大等级	加1需要提升等级1	加1需要提升等级2	加1需要提升等级3	加1需要提升等级4	升级消耗策略	随机属性策略
36001	传奇珠（运气·剥取）	"<FONT COLOR=\"\#68A16A\" >只能镶嵌到戒指上，可以通过升级提升传奇技能珠上的技能点数。</FONT><BR><FONT COLOR=\"\#6285C6\" >来源：商店</FONT><BR>"	1	13	prop_bz_01	1	0	1	16	1	2	0	0	1		0	280	1	0	0	0		0	0	1	0	0	0	0	0	0	0	0	0	0	0	0	0	0	0	0	0	0	0	0	0	0	0	0	0	0	0	0	0	0	0	0	0	0	0	0	0	174	1	8	1	0	0	0	0	0	36001			1	1	999																										1	10	1	1			1	0
36002	传奇珠（断食·回距）	"<FONT COLOR=\"\#68A16A\" >只能镶嵌到戒指上，可以通过升级提升传奇技能珠上的技能点数。</FONT><BR><FONT COLOR=\"\#6285C6\" >来源：商店</FONT><BR>"	1	13	prop_bz_01	1	0	1	16	1	2	0	0	1		0	280	1	0	0	0		0	0	1	0	0	0	0	0	0	0	0	0	0	0	0	0	0	0	0	0	0	0	0	0	0	0	0	0	0	0	0	0	0	0	0	0	0	0	0	0	179	1	54	1	0	0	0	0	0	36002			1	1	999																										1	10	1	1			1	0
36003	传奇珠（达人·痛击）	"<FONT COLOR=\"\#68A16A\" >只能镶嵌到戒指上，可以通过升级提升传奇技能珠上的技能点数。</FONT><BR><FONT COLOR=\"\#6285C6\" >来源：商店</FONT><BR>"	1	13	prop_bz_01	1	0	1	16	1	2	0	0	1		0	280	1	0	0	0		0	0	1	0	0	0	0	0	0	0	0	0	0	0	0	0	0	0	0	0	0	0	0	0	0	0	0	0	0	0	0	0	0	0	0	0	0	0	0	0	3	1	29	1	0	0	0	0	0	36003			1	1	999																										1	10	1	1			1	0
36004	传奇珠（团队·防御）	"<FONT COLOR=\"\#68A16A\" >只能镶嵌到戒指上，可以通过升级提升传奇技能珠上的技能点数。</FONT><BR><FONT COLOR=\"\#6285C6\" >来源：商店</FONT><BR>"	1	13	prop_bz_01	1	0	1	16	1	2	0	0	1		0	280	1	0	0	0		0	0	1	0	0	0	0	0	0	0	0	0	0	0	0	0	0	0	0	0	0	0	0	0	0	0	0	0	0	0	0	0	0	0	0	0	0	0	0	0	155	1	2	1	0	0	0	0	0	36004			1	1	999																										1	10	1	1			1	0
36005	传奇珠（拔刀·拔刀）	"<FONT COLOR=\"\#68A16A\" >只能镶嵌到戒指上，可以通过升级提升传奇技能珠上的技能点数。</FONT><BR><FONT COLOR=\"\#6285C6\" >来源：商店</FONT><BR>"	1	13	prop_bz_01	1	0	1	16	1	2	0	0	1		0	280	1	0	0	0		0	0	1	0	0	0	0	0	0	0	0	0	0	0	0	0	0	0	0	0	0	0	0	0	0	0	0	0	0	0	0	0	0	0	0	0	0	0	0	0	129	1	150	1	0	0	0	0	0	36005			1	1	999																										1	10	1	1			1	0
36006	传奇珠（体术·回性）	"<FONT COLOR=\"\#68A16A\" >只能镶嵌到戒指上，可以通过升级提升传奇技能珠上的技能点数。</FONT><BR><FONT COLOR=\"\#6285C6\" >来源：商店</FONT><BR>"	1	13	prop_bz_01	1	0	1	16	1	2	0	0	1		0	280	1	0	0	0		0	0	1	0	0	0	0	0	0	0	0	0	0	0	0	0	0	0	0	0	0	0	0	0	0	0	0	0	0	0	0	0	0	0	0	0	0	0	0	0	32	1	55	1	0	0	0	0	0	36006			1	1	999																										1	10	1	1			1	0
36007	传奇珠（装填·攻击）	"<FONT COLOR=\"\#68A16A\" >只能镶嵌到戒指上，可以通过升级提升传奇技能珠上的技能点数。</FONT><BR><FONT COLOR=\"\#6285C6\" >来源：商店</FONT><BR>"	1	13	prop_bz_01	1	0	1	16	1	2	0	0	1		0	280	1	0	0	0		0	0	1	0	0	0	0	0	0	0	0	0	0	0	0	0	0	0	0	0	0	0	0	0	0	0	0	0	0	0	0	0	0	0	0	0	0	0	0	0	112	1	1	1	0	0	0	0	0	36007			1	1	999																										1	10	1	1			1	0
36008	传奇珠（回复·加护）	"<FONT COLOR=\"\#68A16A\" >只能镶嵌到戒指上，可以通过升级提升传奇技能珠上的技能点数。</FONT><BR><FONT COLOR=\"\#6285C6\" >来源：商店</FONT><BR>"	1	13	prop_bz_01	1	0	1	16	1	2	0	0	1		0	280	1	0	0	0		0	0	1	0	0	0	0	0	0	0	0	0	0	0	0	0	0	0	0	0	0	0	0	0	0	0	0	0	0	0	0	0	0	0	0	0	0	0	0	0	503	1	23	1	0	0	0	0	0	36008			1	1	999																										1	10	1	1			1	0
36009	传奇珠（炸弹·速设）	"<FONT COLOR=\"\#68A16A\" >只能镶嵌到戒指上，可以通过升级提升传奇技能珠上的技能点数。</FONT><BR><FONT COLOR=\"\#6285C6\" >来源：商店</FONT><BR>"	1	13	prop_bz_01	1	0	1	16	1	2	0	0	1		0	280	1	0	0	0		0	0	1	0	0	0	0	0	0	0	0	0	0	0	0	0	0	0	0	0	0	0	0	0	0	0	0	0	0	0	0	0	0	0	0	0	0	0	0	0	81	1	38	1	0	0	0	0	0	36009			1	1	999																										1	10	1	1			1	0
36010	传奇珠（攻击·回性）	"<FONT COLOR=\"\#68A16A\" >只能镶嵌到戒指上，可以通过升级提升传奇技能珠上的技能点数。</FONT><BR><FONT COLOR=\"\#6285C6\" >来源：商店</FONT><BR>"	1	13	prop_bz_01	1	0	1	16	1	2	0	0	1		0	280	1	0	0	0		0	0	1	0	0	0	0	0	0	0	0	0	0	0	0	0	0	0	0	0	0	0	0	0	0	0	0	0	0	0	0	0	0	0	0	0	0	0	0	0	1	1	55	1	0	0	0	0	0	36010			1	1	999																										1	10	1	1			1	0
36011	传奇珠（飞人·通常）	"<FONT COLOR=\"\#68A16A\" >只能镶嵌到戒指上，可以通过升级提升传奇技能珠上的技能点数。</FONT><BR><FONT COLOR=\"\#6285C6\" >来源：商店</FONT><BR>"	1	13	prop_bz_01	1	0	1	16	1	2	0	0	1		0	280	1	0	0	0		0	0	1	0	0	0	0	0	0	0	0	0	0	0	0	0	0	0	0	0	0	0	0	0	0	0	0	0	0	0	0	0	0	0	0	0	0	0	0	0	62	1	39	1	0	0	0	0	0	36011			1	1	999																										1	10	1	1			1	0
36012	传奇珠（飞人·贯通）	"<FONT COLOR=\"\#68A16A\" >只能镶嵌到戒指上，可以通过升级提升传奇技能珠上的技能点数。</FONT><BR><FONT COLOR=\"\#6285C6\" >来源：商店</FONT><BR>"	1	13	prop_bz_01	1	0	1	16	1	2	0	0	1		0	280	1	0	0	0		0	0	1	0	0	0	0	0	0	0	0	0	0	0	0	0	0	0	0	0	0	0	0	0	0	0	0	0	0	0	0	0	0	0	0	0	0	0	0	0	62	1	40	1	0	0	0	0	0	36012			1	1	999																										1	10	1	1			1	0
36013	传奇珠（飞人·散射）	"<FONT COLOR=\"\#68A16A\" >只能镶嵌到戒指上，可以通过升级提升传奇技能珠上的技能点数。</FONT><BR><FONT COLOR=\"\#6285C6\" >来源：商店</FONT><BR>"	1	13	prop_bz_01	1	0	1	16	1	2	0	0	1		0	280	1	0	0	0		0	0	1	0	0	0	0	0	0	0	0	0	0	0	0	0	0	0	0	0	0	0	0	0	0	0	0	0	0	0	0	0	0	0	0	0	0	0	0	0	62	1	41	1	0	0	0	0	0	36013			1	1	999																										1	10	1	1			1	0
36014	传奇珠（达人·斗魂）	"<FONT COLOR=\"\#68A16A\" >只能镶嵌到戒指上，可以通过升级提升传奇技能珠上的技能点数。</FONT><BR><FONT COLOR=\"\#6285C6\" >来源：商店</FONT><BR>"	1	13	prop_bz_01	1	0	1	16	1	2	0	0	1		0	280	1	0	0	0		0	0	1	0	0	0	0	0	0	0	0	0	0	0	0	0	0	0	0	0	0	0	0	0	0	0	0	0	0	0	0	0	0	0	0	0	0	0	0	0	3	1	57	1	0	0	0	0	0	36014			1	1	999																										1	10	1	1			1	0
36015	传奇珠（速装·耳栓）	"<FONT COLOR=\"\#68A16A\" >只能镶嵌到戒指上，可以通过升级提升传奇技能珠上的技能点数。</FONT><BR><FONT COLOR=\"\#6285C6\" >来源：商店</FONT><BR>"	1	13	prop_bz_01	1	0	1	16	1	2	0	0	1		0	280	1	0	0	0		0	0	1	0	0	0	0	0	0	0	0	0	0	0	0	0	0	0	0	0	0	0	0	0	0	0	0	0	0	0	0	0	0	0	0	0	0	0	0	0	35	1	49	1	0	0	0	0	0	36015			1	1	999																										1	10	1	1			1	0
36016	传奇珠（匠·研磨）	"<FONT COLOR=\"\#68A16A\" >只能镶嵌到戒指上，可以通过升级提升传奇技能珠上的技能点数。</FONT><BR><FONT COLOR=\"\#6285C6\" >来源：商店</FONT><BR>"	1	13	prop_bz_01	1	0	1	16	1	2	0	0	1		0	280	1	0	0	0		0	0	1	0	0	0	0	0	0	0	0	0	0	0	0	0	0	0	0	0	0	0	0	0	0	0	0	0	0	0	0	0	0	0	0	0	0	0	0	0	109	1	119	1	0	0	0	0	0	36016			1	1	999																										1	10	1	1			1	0
36017	传奇珠（食事·耳栓）	"<FONT COLOR=\"\#68A16A\" >只能镶嵌到戒指上，可以通过升级提升传奇技能珠上的技能点数。</FONT><BR><FONT COLOR=\"\#6285C6\" >来源：商店</FONT><BR>"	1	13	prop_bz_01	1	0	1	16	1	2	0	0	1		0	280	1	0	0	0		0	0	1	0	0	0	0	0	0	0	0	0	0	0	0	0	0	0	0	0	0	0	0	0	0	0	0	0	0	0	0	0	0	0	0	0	0	0	0	0	5	1	49	1	0	0	0	0	0	36017			1	1	999																										1	10	1	1			1	0
36018	传奇珠（风压·攻击）	"<FONT COLOR=\"\#68A16A\" >只能镶嵌到戒指上，可以通过升级提升传奇技能珠上的技能点数。</FONT><BR><FONT COLOR=\"\#6285C6\" >来源：商店</FONT><BR>"	1	13	prop_bz_01	1	0	1	16	1	2	0	0	1		0	280	1	0	0	0		0	0	1	0	0	0	0	0	0	0	0	0	0	0	0	0	0	0	0	0	0	0	0	0	0	0	0	0	0	0	0	0	0	0	0	0	0	0	0	0	61	1	1	1	0	0	0	0	0	36018			1	1	999																										1	10	1	1			1	0
36019	传奇珠（回性·达人）	"<FONT COLOR=\"\#68A16A\" >只能镶嵌到戒指上，可以通过升级提升传奇技能珠上的技能点数。</FONT><BR><FONT COLOR=\"\#6285C6\" >来源：商店</FONT><BR>"	1	13	prop_bz_01	1	0	1	16	1	2	0	0	1		0	280	1	0	0	0		0	0	1	0	0	0	0	0	0	0	0	0	0	0	0	0	0	0	0	0	0	0	0	0	0	0	0	0	0	0	0	0	0	0	0	0	0	0	0	0	55	1	3	1	0	0	0	0	0	36019			1	1	999																										1	10	1	1			1	0
36020	传奇珠（特功·广域）	"<FONT COLOR=\"\#68A16A\" >只能镶嵌到戒指上，可以通过升级提升传奇技能珠上的技能点数。</FONT><BR><FONT COLOR=\"\#6285C6\" >来源：商店</FONT><BR>"	1	13	prop_bz_01	1	0	1	16	1	2	0	0	1		0	280	1	0	0	0		0	0	1	0	0	0	0	0	0	0	0	0	0	0	0	0	0	0	0	0	0	0	0	0	0	0	0	0	0	0	0	0	0	0	0	0	0	0	0	0	36	1	66	1	0	0	0	0	0	36020			1	1	999																										1	10	1	1			1	0
36021	传奇珠（反动·加护）	"<FONT COLOR=\"\#68A16A\" >只能镶嵌到戒指上，可以通过升级提升传奇技能珠上的技能点数。</FONT><BR><FONT COLOR=\"\#6285C6\" >来源：商店</FONT><BR>"	1	13	prop_bz_01	1	0	1	16	1	2	0	0	1		0	280	1	0	0	0		0	0	1	0	0	0	0	0	0	0	0	0	0	0	0	0	0	0	0	0	0	0	0	0	0	0	0	0	0	0	0	0	0	0	0	0	0	0	0	0	131	1	23	1	0	0	0	0	0	36021			1	1	999																										1	10	1	1			1	0
36022	传奇珠（吹笛·KO）	"<FONT COLOR=\"\#68A16A\" >只能镶嵌到戒指上，可以通过升级提升传奇技能珠上的技能点数。</FONT><BR><FONT COLOR=\"\#6285C6\" >来源：商店</FONT><BR>"	1	13	prop_bz_01	1	0	1	16	1	2	0	0	1		0	280	1	0	0	0		0	0	1	0	0	0	0	0	0	0	0	0	0	0	0	0	0	0	0	0	0	0	0	0	0	0	0	0	0	0	0	0	0	0	0	0	0	0	0	0	132	1	83	1	0	0	0	0	0	36022			1	1	999																										1	10	1	1			1	0
36023	传奇珠（剑术·锋利）	"<FONT COLOR=\"\#68A16A\" >只能镶嵌到戒指上，可以通过升级提升传奇技能珠上的技能点数。</FONT><BR><FONT COLOR=\"\#6285C6\" >来源：商店</FONT><BR>"	1	13	prop_bz_01	1	0	1	16	1	2	0	0	1		0	280	1	0	0	0		0	0	1	0	0	0	0	0	0	0	0	0	0	0	0	0	0	0	0	0	0	0	0	0	0	0	0	0	0	0	0	0	0	0	0	0	0	0	0	0	27	1	69	1	0	0	0	0	0	36023			1	1	999																										1	10	1	1			1	0
#============End of sheet============

#============Begin of sheet============
@Sheet=传奇技能珠升级消耗
策略ID	物品等级前	物品等级后	金钱花费	消耗道具ID1	消耗道具数量1	消耗道具ID2	消耗道具数量2	消耗道具ID3	消耗道具数量3	消耗道具ID4	消耗道具数量4	消耗道具ID5	消耗道具数量5	消耗道具ID6	消耗道具数量6	消耗道具类别1	消耗道具价值1	消耗道具类别2	消耗道具价值2	几率道具类别	几率道具最大数量
1	1	2	40000	23111	2	23132	2	23155	2	23158	2	23161	2	23167	2	51	600	52	600	186	2500
1	2	3	50000	23173	2	23176	2	23182	2	23320	2	23340	2	23351	2	53	700	54	700	186	3000
1	3	4	60000	23361	2	23373	2	23409	2	23432	2	23443	2	23455	2	55	800	56	800	186	3500
1	4	5	70000	23112	2	23133	2	23156	2	23159	2	23162	2	23168	2	57	1000	58	1000	186	4500
1	5	6	80000	23174	2	23177	2	23183	2	23321	2	23341	2	23352	2	59	1200	51	1200	186	5000
1	6	7	100000	23362	2	23374	2	23410	2	23433	2	23444	2	23453	2	52	1400	53	1400	186	5500
1	7	8	120000	23113	2	23134	2	23157	2	23160	2	23163	2	23169	2	54	1700	55	1700	186	6000
1	8	9	140000	23175	2	23178	2	23184	2	23322	2	23342	2	23353	2	56	2000	57	2000	186	6500
1	9	10	160000	23363	2	23375	2	23411	2	23434	2	23445	2	23454	2	58	2300	59	2300	186	7000
#============End of sheet============

#============Begin of sheet============
@Sheet=传奇技能珠属性修正
策略ID	相对概率	修正类型	修正值1	修正值2
1	100	属性值修正	PlayerAtk	-5
1	100	属性值修正	CritLevel	-1
1	100	属性百分比修正	PlayerAtk	-5
1	100	属性值修正	PlayerAtk	1
2	100	属性值修正	PlayerAtk	10
2	100	属性值修正	CritLevel	1
2	100	属性百分比修正	PlayerAtk	5
2	100	属性百分比修正	PlayerAtk	-1
3	100	属性值修正	PlayerAtk	-1
4	100	属性百分比修正	MaxSharpness	-5
5	100	属性百分比修正	PlayerAtk	-5
11	50	属性值修正	CritLevel	-4
11	100	属性百分比修正	PlayerAtk	-1
11	71	属性百分比修正	MaxSharpness	-2
12	50	属性值修正	CritLevel	-4
12	100	属性百分比修正	PlayerAtk	-1
12	45	属性百分比修正	MaxSharpness	-5
13	50	属性值修正	CritLevel	-4
13	100	属性百分比修正	PlayerAtk	-1
13	71	属性百分比修正	MaxSharpness	-2
13	45	属性百分比修正	WaterAttack	-5
14	50	属性值修正	CritLevel	-4
14	100	属性百分比修正	PlayerAtk	-1
14	71	属性百分比修正	MaxSharpness	-2
14	45	属性百分比修正	FireAttack	-5
15	50	属性值修正	CritLevel	-4
15	100	属性百分比修正	PlayerAtk	-1
15	71	属性百分比修正	MaxSharpness	-2
15	45	属性百分比修正	LightningAttack	-5
16	50	属性值修正	CritLevel	-4
16	100	属性百分比修正	PlayerAtk	-1
16	71	属性百分比修正	MaxSharpness	-2
16	45	属性百分比修正	DragonAttack	-5
17	50	属性值修正	CritLevel	-4
17	100	属性百分比修正	PlayerAtk	-1
17	71	属性百分比修正	MaxSharpness	-2
17	45	属性百分比修正	IceAttack	-5
18	50	属性值修正	CritLevel	-4
18	100	属性百分比修正	PlayerAtk	-1
18	71	属性百分比修正	MaxSharpness	-2
18	45	属性百分比修正	PoisonAttack	-5
19	50	属性值修正	CritLevel	-4
19	100	属性百分比修正	PlayerAtk	-1
19	71	属性百分比修正	MaxSharpness	-2
19	45	属性百分比修正	SleepyAttack	-5
20	50	属性值修正	CritLevel	-4
20	100	属性百分比修正	PlayerAtk	-1
20	71	属性百分比修正	MaxSharpness	-2
20	45	属性百分比修正	ParalysisAttack	-5
21	50	属性值修正	CritLevel	-4
21	100	属性百分比修正	PlayerAtk	-1
22	50	属性值修正	CritLevel	-4
22	100	属性百分比修正	PlayerAtk	-1
22	45	属性百分比修正	WaterAttack	-5
23	50	属性值修正	CritLevel	-4
23	100	属性百分比修正	PlayerAtk	-1
23	45	属性百分比修正	FireAttack	-5
24	50	属性值修正	CritLevel	-4
24	100	属性百分比修正	PlayerAtk	-1
24	45	属性百分比修正	LightningAttack	-5
25	50	属性值修正	CritLevel	-4
25	100	属性百分比修正	PlayerAtk	-1
25	45	属性百分比修正	DragonAttack	-5
26	50	属性值修正	CritLevel	-4
26	100	属性百分比修正	PlayerAtk	-1
26	45	属性百分比修正	IceAttack	-5
#============End of sheet============

